-35.0278189033189, -57.27100360750361, 50.983169489238236
-36.315070906579315, -55.6602412612208, 48.83273707846139
-37.57489174329384, -54.02796265621296, 46.58316379258169
-38.80110076300754, -52.37031488174958, 44.219323185749644
-39.9814971947174, -50.679750272681474, 41.72178032726968
-41.106314227545724, -48.9518386511792, 39.065032799895356
-42.15639678133612, -47.17766430402279, 36.21408357535471
-43.09996768338554, -45.34489265788391, 33.11899617068099
-43.881084090735314, -43.43795017297989, 29.704323167059332
-44.382677098793415, -41.44141718450933, 25.846642773660747
-44.355072534771466, -39.391629138493506, 21.322444941568644
-43.41567754656829, -37.58872004329516, 20.549077260134947
-41.700280843040346, -36.47487691310942, 23.44192560416667
-39.71396317583449, -35.93848314866057, 27.450637970690106
-37.66392759174, -35.72964310590872, 31.432251715307192
-35.6024657289161, -35.71680985046553, 34.06532865682782
-33.54360629982034, -35.826194018453535, 36.26432252348037
-31.49069708363777, -36.01824204244586, 37.964103377307
-29.443838044672653, -36.266947417506564, 39.12567804746991
-27.401877747536563, -36.55329088876124, 39.58904281059806
-25.363501610213483, -36.86423653090477, 39.806712202866265
-23.32706359534654, -37.18767176988591, 39.63007176075789
-21.290860550063453, -37.512589079053974, 38.88056940121316
-19.25298687460626, -37.826817887164026, 37.55266786349449
-17.211531482925636, -38.11671730143348, 36.350897345216524
-15.16447865455229, -38.36360531393543, 33.32057045727831
-13.110164458535012, -38.53869093173105, 29.927094921858515
-11.049457925297212, -38.593348104803425, 26.096666774233285
-8.997401763268822, -38.41504738607788, 21.601206224401484
-7.078414425069797, -37.706781673773634, 15.927129739320032
-6.096718951209213, -35.97928524830295, 18.556807629747436
-6.477767031256895, -33.969002845449715, 14.642291294982405
-7.379748196248196, -32.11749567099567, 0
-17.435223357594595, -14.829134867277304, 0
endData
52.05
200
50
-35.0278189033189, -57.27100360750361, -70.02781890331894, -14.271003607503605, 4.469424963924964, -52.4897582972583, -7.379748196248196, -32.11749567099567
